%YAML:1.0
---
rotation: !!opencv-matrix
   rows: 3
   cols: 3
   dt: d
   data: [ 9.9997048492326279e-01, -7.6527024803363869e-03,
       6.8222216472258780e-04, 7.6520623648209688e-03,
       9.9997028447753811e-01, 9.3600399383750299e-04,
       -6.8936485221977623e-04, -9.3075596105667588e-04,
       9.9999932923449575e-01 ]
translation: !!opencv-matrix
   rows: 3
   cols: 1
   dt: d
   data: [ -5.1625538129475880e-02, 3.0161622759043174e-04,
       5.3957416075561624e-03 ]
essential: !!opencv-matrix
   rows: 3
   cols: 3
   dt: d
   data: [ -4.1496474911639064e-05, -5.3958620013770065e-03,
       2.9656558958228294e-04, 5.3599935203651689e-03,
       -8.9342782540167675e-05, 5.1629184595365557e-02,
       -6.9664916274852161e-04, -5.1621695870384995e-02,
       -4.8527479148901923e-05 ]
fundamental: !!opencv-matrix
   rows: 3
   cols: 3
   dt: d
   data: [ -2.7643985222118821e-08, -3.5936466535518317e-06,
       8.3627943938697374e-04, 3.5704289442777354e-06,
       -5.9497771018945934e-08, 1.1524238253183760e-02,
       -2.3892872851033263e-03, -3.3791882886690619e-02, 1. ]
