%YAML:1.0
---
depthShift: -2.4422736004481166e+01
