%YAML:1.0
---
cameraMatrix: !!opencv-matrix
   rows: 3
   cols: 3
   dt: d
   data: [ 3.6108147780901749e+02, 0., 2.5387756641431747e+02, 0.,
       3.6117702748307090e+02, 2.1090670016174289e+02, 0., 0., 1. ]
distortionCoefficients: !!opencv-matrix
   rows: 1
   cols: 5
   dt: d
   data: [ 7.1725833904677058e-02, -1.7817580912207220e-01,
       2.3863488977771399e-03, -1.7969042555098492e-03,
       -4.5085661318090157e-02 ]
rotation: !!opencv-matrix
   rows: 3
   cols: 3
   dt: d
   data: [ 1., 0., 0., 0., 1., 0., 0., 0., 1. ]
projection: !!opencv-matrix
   rows: 4
   cols: 4
   dt: d
   data: [ 3.6108147780901749e+02, 0., 2.5387756641431747e+02, 0., 0.,
       3.6117702748307090e+02, 2.1090670016174289e+02, 0., 0., 0., 1.,
       0., 0., 0., 0., 1. ]
